      4 1003107003693137921 1921951394
      4 1005846500583321601 1308267623327518725
      4 1060751816 302984766
      4 1080844782 1921951394
      4 1104524508709441536 1387010761994682371
      4 11134252 1308267623327518725
      4 1136667717317091328 29447428
      4 1241938664 804582780298412032
      4 1252988129708929024 302984766
      4 1278236816936710144 29447428
      4 1344356576786866176 41186732
      4 1375592430624518156 578601744
      4 1393936924830732288 804582780298412032
      4 14344823 1308267623327518725
      4 14362766 302984766
      4 15207668 41186732
      4 16106584 1387010761994682371
      4 178711456 614600545
      4 18166778 41186732
      4 1917731 1417952253449842692
      4 19678937 302984766
      4 20751145 804582780298412032
      4 239103376 614600545
      4 269794637 578601744
      4 27493883 1060440219097423872
      4 2975091705 41186732
      4 381685461 302984766
      4 43277776 614600545
      4 435331179 1308267623327518725
      4 48325671 1263391922657337345
      4 486834536 1921951394
      4 52585436 302984766
      4 54391597 804582780298412032
      4 58974496 3453306553
      4 603724114 302984766
      4 67805368 302984766
      4 746652122 578601744
      4 775611351792222208 199452338
      4 799911790398373888 2574271742
      4 885891622919184384 302984766
      4 90679076 348764745
      4 945762498883588097 578601744
      4 954005058793832448 1263391922657337345
      4 96152544 302984766
      4 977204844 804582780298412032
      5 105433445 302984766
      5 1074480192 41186732
      5 1113747629282930688 578601744
      5 1177718582 302984766
      5 142332083 1308267623327518725
      5 1488966025257312262 1387010761994682371
      5 151606599 302984766
      5 1652541 1417952253449842692
      5 17477864 981436419087523840
      5 179313631 938494109844729856
      5 2245797112 302984766
      5 2904241896 578601744
      5 2987245137 1387010761994682371
      5 306832085 578601744
      5 31194003 1492690652529889282
      5 355422278 578601744
      5 39002335 804582780298412032
      5 467726691 1060440219097423872
      5 47094621 1387010761994682371
      5 471426839 804582780298412032
      5 499154896 41186732
      5 519897737 41186732
      5 523411543 302984766
      5 558818756 1263391922657337345
      5 793520017 1387010761994682371
      5 816652616625168388 41186732
      5 889054752230735872 199452338
      5 898565402346827779 1308267623327518725
      5 978758798176382977 302984766
      6 1260792878420291584 804582780298412032
      6 1391884924173627395 1263391922657337345
      6 153517357 578601744
      6 16799453 578601744
      6 2153626892 1263391922657337345
      6 2352629311 41186732
      6 2598999181 1263391922657337345
      6 343713611 1263391922657337345
      6 36134224 614600545
      6 409657315 302984766
      6 58487473 1387010761994682371
      6 799717156589965312 804582780298412032
      7 1137827292 29447428
      7 21525682 832019161454817280
      7 225779417 3453306553
      7 2264401871 938494109844729856
      7 24931027 1308267623327518725
      7 255812611 1060440219097423872
      7 29459695 199452338
      7 324703658 838381908656603144
      7 3300678755 578601744
      7 3832 804582780298412032
      7 983813914596118529 578601744
      9 113165445 804582780298412032
      9 1275209472 302984766
      9 19739126 41186732
      9 237176284 804582780298412032
      9 26562883 614600545
      9 2800843867 302984766
      9 2809959174 302984766
     10 2962813893 41186732
     10 64698201 614600545
     10 90651198 41186732
     11 1046608631968538624 578601744
     11 1236816024281976833 302984766
     11 1573800344 3453306553
     11 420617857 614600545
     11 728273994 29447428
     11 94350709 29447428
     12 879713479254528005 302984766
     14 1384053916690571264 199452338
     14 756584190112591872 302984766
     14 877968869138329601 1309237180418666499
     17 19604599 804582780298412032
     17 2245822809 302984766
     17 351120282 1387010761994682371
     17 90732175 302984766
     18 26347394 302984766
     21 1236324668640047105 302984766
     26 19739126 1921951394
     28 492736486 302984766
     28 956266072440635392 1492690652529889282
